0	0.0 	0.00
1	0.0 	0.00
2	0.0 	0.04
3	0.3 	0.58
4	4.1 	1.19
5	8.9 	1.08
6	11.9 	0.57
7	13.0 	0.15
8	13.0 	-0.07
9	12.5 	-0.06
10	12.6 	0.29
11	14.5 	0.56
12	16.6 	0.48
13	18.0 	0.19
14	18.0 	-0.06
15	17.6 	-0.19
16	16.6 	-0.29
17	15.4 	-0.23
18	15.0 	0.10
19	16.2 	0.57
20	19.1 	0.59
21	20.4 	0.22
22	20.7 	-0.15
23	19.3 	-0.40
24	17.8 	-0.32
25	17.0 	-0.11
26	17.0 	0.14
27	18.0 	0.18
28	18.3 	-0.10
29	17.3 	-0.33
30	15.9 	-0.37
31	14.6 	-0.68
32	11.0 	-0.94
33	7.8 	-0.50
34	7.4 	0.06
35	8.3 	0.39
36	10.2 	0.72
37	13.5 	0.89
38	16.6 	0.65
39	18.1 	0.34
40	19.0 	0.12
41	19.0 	-0.30
42	16.9 	-0.56
43	15.0 	-0.43
44	13.8 	-0.27
45	13.0 	-0.23
46	12.1 	0.02
47	13.1 	0.60
48	16.5 	0.75
49	18.6 	0.49
50	20.0 	-0.01
51	18.5 	-0.69
52	15.0 	-0.71
53	13.4 	-0.60
54	10.7 	-0.47
55	10.0 	0.11
56	11.4 	0.56
57	14.0 	0.70
58	16.5 	0.62
59	18.5 	0.53
60	20.3 	0.50
61	22.1 	0.42
62	23.3 	0.14
63	23.1 	-0.15
64	22.2 	-0.15
65	22.0 	0.10
66	22.9 	0.28
67	24.0 	0.27
68	24.9 	0.11
69	24.8 	-0.21
70	23.4 	-0.37
71	22.1 	-0.19
72	22.0 	-0.01
73	22.0 	-0.10
74	21.3 	-0.24
75	20.3 	-0.31
76	19.0 	-0.32
77	18.0 	-0.28
78	17.0 	-0.26
79	16.2 	-0.17
80	15.8 	-0.16
81	15.0 	-0.12
82	15.0 	-0.14
83	14.0 	-0.13
84	14.0 	-0.10
85	13.3 	-0.30
86	11.8 	-0.56
87	9.2 	-0.23
88	10.2 	0.66
89	14.0 	0.94
90	17.0 	0.82
91	19.8 	0.72
92	22.2 	0.56
93	23.9 	0.36
94	24.8 	0.30
95	26.1 	0.31
96	27.0 	0.05
97	26.4 	-0.24
98	25.3 	-0.20
99	25.0 	-0.03
100	25.0 	0.00
101	25.0 	-0.05
102	24.6 	-0.24
103	23.2 	-0.40
104	21.8 	-0.67
105	18.4 	-0.81
106	16.0 	-0.48
107	15.0 	-0.16
108	14.8 	-0.07
109	14.5 	0.23
110	16.5 	0.59
111	18.7 	0.60
112	20.8 	0.57
113	22.8 	0.53
114	24.6 	0.49
115	26.3 	0.34
116	27.0 	0.23
117	28.0 	0.13
118	28.0 	0.06
119	28.5 	0.00
120	28.0 	-0.21
121	27.0 	-0.31
122	25.8 	-0.35
123	24.5 	-0.32
124	23.5 	-0.36
125	21.9 	-0.53
126	19.7 	-0.59
127	17.6 	-0.37
128	17.0 	-0.06
129	17.2 	0.25
130	18.8 	0.48
131	20.6 	0.48
132	22.3 	0.46
133	24.0 	0.43
134	25.4 	0.25
135	25.8 	-0.12
136	24.5 	-0.35
137	23.2 	-0.21
138	23.0 	-0.03
139	23.0 	0.01
140	23.1 	0.00
141	23.0 	-0.01
142	23.0 	0.12
143	23.9 	0.21
144	24.5 	0.26
145	25.8 	0.32
146	26.8 	0.16
147	27.0 	0.02
148	27.0 	0.00
149	27.0 	-0.04
150	26.7 	-0.19
151	25.6 	-0.24
152	25.0 	-0.09
153	25.0 	-0.11
154	24.2 	-0.14
155	24.0 	0.01
156	24.3 	0.17
157	25.3 	0.36
158	26.9 	0.38
159	28.0 	0.05
160	27.2 	-0.32
161	25.7 	-0.42
162	24.2 	-0.40
163	22.8 	-0.28
164	22.1 	0.03
165	23.0 	0.18
166	23.4 	0.16
167	24.2 	0.28
168	25.5 	0.39
169	27.0 	0.44
170	28.6 	0.37
171	29.6 	0.28
172	30.6 	0.32
173	32.0 	0.20
174	32.0 	-0.12
175	31.1 	-0.12
176	31.1 	0.13
177	32.0 	0.10
178	31.8 	-0.19
179	30.6 	-0.25
180	30.0 	-0.22
181	29.1 	0.00
182	30.0 	0.23
183	30.7 	0.22
184	31.5 	0.26
185	32.6 	0.20
186	33.0 	0.20
187	34.0 	0.14
188	34.0 	0.14
189	35.0 	0.14
190	35.0 	0.14
191	36.0 	0.11
192	35.8 	-0.20
193	34.6 	-0.33
194	33.5 	-0.25
195	32.8 	-0.20
196	32.0 	-0.17
197	31.6 	-0.27
198	30.0 	-0.22
199	30.0 	0.10
200	30.8 	0.33
201	32.4 	0.37
202	33.4 	0.33
203	34.8 	0.31
204	35.7 	0.17
205	36.0 	0.01
206	35.7 	-0.14
207	35.0 	-0.10
208	35.0 	-0.14
209	34.0 	-0.34
210	32.6 	-0.37
211	31.3 	-0.22
212	31.0 	-0.05
213	31.0 	0.09
214	31.6 	0.22
215	32.6 	0.19
216	33.0 	0.19
217	34.0 	0.14
218	34.0 	0.08
219	34.6 	0.14
220	35.0 	0.06
221	35.0 	0.13
222	36.0 	0.25
223	36.8 	0.20
224	37.4 	0.17
225	38.0 	0.09
226	38.0 	-0.04
227	37.7 	-0.24
228	36.3 	-0.37
229	35.0 	-0.35
230	33.8 	-0.35
231	32.5 	-0.29
232	31.7 	-0.27
233	30.6 	-0.45
234	28.4 	-0.66
235	25.8 	-0.96
236	21.5 	-1.26
237	16.7 	-1.09
238	13.7 	-0.66
239	11.9 	-0.33
240	11.3 	-0.10
241	11.2 	0.21
242	12.8 	0.50
243	14.8 	0.59
244	17.0 	0.51
245	18.5 	0.47
246	20.4 	0.41
247	21.5 	0.16
248	21.6 	-0.19
249	20.1 	-0.39
250	18.8 	-0.15
251	19.0 	0.14
252	19.8 	0.21
253	20.5 	0.03
254	20.0 	-0.05
255	20.2 	0.14
256	21.0 	0.29
257	22.2 	0.27
258	23.0 	0.11
259	23.0 	0.02
260	23.1 	0.17
261	24.2 	0.34
262	25.6 	0.46
263	27.5 	0.49
264	29.1 	0.47
265	30.9 	0.59
266	33.4 	0.42
267	33.9 	-0.05
268	33.0 	-0.15
269	32.8 	-0.06
270	32.6 	0.12
271	33.6 	0.29
272	34.6 	0.29
273	35.7 	0.31
274	36.9 	0.25
275	37.5 	0.02
276	37.0 	-0.05
277	37.2 	0.07
278	37.5 	0.09
279	37.8 	0.18
280	38.8 	0.16
281	39.0 	-0.07
282	38.3 	-0.14
283	38.0 	0.09
284	38.9 	0.33
285	40.4 	0.26
286	40.8 	0.08
287	40.9 	0.11
288	41.5 	0.15
289	42.0 	0.07
290	42.0 	-0.11
291	41.2 	-0.26
292	40.2 	-0.30
293	39.1 	-0.29
294	38.0 	-0.29
295	37.0 	-0.33
296	35.7 	-0.51
297	33.3 	-0.99
298	28.5 	-1.70
299	21.1 	-1.49
300	17.8 	-0.56
301	17.1 	0.00
302	17.8 	0.40
303	19.9 	0.60
304	22.1 	0.60
305	24.2 	0.67
306	27.0 	0.77
307	29.8 	0.86
308	33.2 	0.93
309	36.5 	0.90
310	39.7 	0.82
311	42.4 	0.76
312	45.1 	0.79
313	48.0 	0.79
314	50.9 	0.49
315	51.5 	0.02
316	51.0 	-0.07
317	51.0 	-0.01
318	50.9 	-0.16
319	49.9 	-0.29
320	48.8 	-0.28
321	47.8 	-0.28
322	46.7 	-0.30
323	45.7 	-0.25
324	44.9 	-0.22
325	44.1 	-0.12
326	44.0 	0.12
327	45.0 	0.27
328	46.0 	0.14
329	46.0 	0.04
330	46.3 	0.00
331	46.0 	-0.03
332	46.0 	0.10
333	46.7 	0.14
334	47.0 	0.17
335	48.0 	0.27
336	48.9 	0.14
337	49.0 	0.01
338	49.0 	-0.10
339	48.3 	-0.26
340	47.1 	-0.30
341	46.1 	-0.28
342	45.1 	-0.27
343	44.2 	-0.24
344	43.4 	-0.50
345	40.6 	-0.78
346	37.7 	-0.62
347	36.2 	-0.30
348	35.6 	-0.21
349	34.7 	-0.22
350	34.0 	0.06
351	35.1 	0.44
352	37.1 	0.64
353	39.6 	0.71
354	42.3 	0.77
355	45.2 	0.68
356	47.2 	0.49
357	48.7 	0.25
358	49.0 	0.04
359	49.0 	0.00
360	49.0 	-0.07
361	48.5 	-0.25
362	47.2 	-0.20
363	47.0 	-0.03
364	47.0 	0.00
365	47.0 	0.13
366	47.9 	0.35
367	49.5 	0.44
368	51.1 	0.36
369	52.1 	0.08
370	51.7 	-0.15
371	51.1 	-0.13
372	50.8 	-0.15
373	50.0 	-0.27
374	48.8 	-0.45
375	46.7 	-0.89
376	42.5 	-0.91
377	40.2 	-0.57
378	38.4 	-1.07
379	32.5 	-1.72
380	26.0 	-1.65
381	20.6 	-0.93
382	19.3 	-0.08
383	20.0 	0.60
384	23.6 	0.84
385	26.0 	0.44
386	26.8 	-0.06
387	25.6 	-0.50
388	23.2 	-0.56
389	21.6 	-0.20
390	21.8 	0.59
391	25.8 	1.23
392	30.7 	1.31
393	35.3 	0.72
394	35.9 	0.07
395	35.8 	0.23
396	37.5 	0.58
397	39.9 	0.68
398	42.4 	0.69
399	44.9 	0.65
400	47.1 	0.64
401	49.5 	0.54
402	51.0 	0.22
403	51.1 	0.14
404	52.0 	0.02
405	51.3 	-0.15
406	50.9 	-0.24
407	49.5 	-0.36
408	48.3 	-0.35
409	47.0 	-0.32
410	46.0 	-0.25
411	45.2 	-0.31
412	43.7 	-0.40
413	42.4 	-0.39
414	40.9 	-0.59
415	38.1 	-1.20
416	32.3 	-1.96
417	24.0 	-2.37
418	15.2 	-1.85
419	10.7 	-0.72
420	10.0 	0.15
421	11.8 	0.68
422	14.9 	0.98
423	18.8 	1.05
424	22.5 	0.83
425	24.7 	0.28
426	24.5 	-0.28
427	22.7 	-0.41
428	21.5 	-0.20
429	21.3 	0.46
430	24.8 	1.12
431	29.3 	1.18
432	33.4 	0.65
433	34.0 	0.06
434	33.8 	0.06
435	34.5 	0.39
436	36.6 	0.66
437	39.2 	0.72
438	41.8 	0.61
439	43.6 	0.49
440	45.3 	0.36
441	46.2 	0.32
442	47.6 	0.34
443	48.7 	0.20
444	49.0 	0.02
445	48.9 	-0.14
446	48.0 	-0.24
447	47.2 	-0.25
448	46.2 	-0.25
449	45.4 	-0.30
450	44.1 	-0.40
451	42.5 	-0.40
452	41.2 	-0.31
453	40.2 	-0.19
454	39.9 	-0.17
455	39.0 	-0.12
456	39.0 	0.00
457	39.0 	0.11
458	39.8 	0.23
459	40.6 	0.23
460	41.4 	0.21
461	42.2 	0.22
462	43.0 	0.24
463	43.9 	0.08
464	43.6 	-0.18
465	42.6 	-0.24
466	41.9 	-0.22
467	41.0 	-0.11
468	41.0 	0.13
469	41.9 	0.30
470	43.2 	0.35
471	44.4 	0.36
472	45.8 	0.22
473	46.0 	-0.05
474	45.5 	-0.25
475	44.2 	-0.34
476	43.0 	-0.38
477	41.5 	-0.51
478	39.3 	-0.71
479	36.4 	-1.06
480	31.7 	-1.07
481	28.7 	-0.55
482	27.8 	-0.30
483	26.5 	-0.36
484	25.1 	-0.24
485	24.8 	-0.21
486	23.6 	-0.41
487	21.8 	-0.76
488	18.1 	-1.02
489	14.5 	-0.66
490	13.4 	-0.21
491	13.0 	0.03
492	13.6 	0.46
493	16.3 	0.87
494	19.8 	1.04
495	23.8 	0.96
496	26.7 	0.88
497	30.1 	0.95
498	33.6 	0.68
499	35.0 	0.19
500	35.0 	-0.01
501	34.9 	0.20
502	36.4 	0.48
503	38.3 	0.49
504	40.0 	0.43
505	41.4 	0.40
506	42.9 	0.18
507	42.7 	-0.15
508	41.8 	-0.49
509	39.2 	-1.00
510	34.6 	-1.70
511	27.0 	-2.27
512	18.2 	-1.81
513	13.9 	-0.70
514	13.2 	0.01
515	14.0 	0.58
516	17.3 	1.08
517	21.8 	1.19
518	25.9 	1.14
519	30.0 	1.11
520	33.9 	0.70
521	35.0 	0.15
522	35.0 	0.08
523	35.6 	0.45
524	38.3 	0.79
525	41.3 	0.81
526	44.1 	0.69
527	46.3 	0.47
528	47.5 	0.23
529	48.0 	0.16
530	48.6 	0.14
531	49.0 	-0.02
532	48.4 	-0.21
533	47.5 	-0.31
534	46.2 	-0.33
535	45.1 	-0.34
536	43.7 	-0.36
537	42.5 	-0.35
538	41.2 	-0.34
539	40.1 	-0.31
540	39.0 	-0.15
541	39.0 	0.04
542	39.3 	0.14
543	40.0 	0.10
544	40.0 	-0.25
545	38.2 	-0.74
546	34.7 	-1.38
547	28.3 	-2.06
548	19.8 	-2.27
549	11.9 	-1.64
550	8.0 	-1.28
551	2.7 	-1.11
552	0.1 	-0.37
553	0.0 	-0.01
554	0.0 	0.00
555	0.0 	0.00
556	0.0 	0.00
557	0.0 	0.23
558	1.7 	0.89
559	6.4 	1.29
560	11.0 	1.13
561	14.5 	0.90
562	17.5 	0.35
563	17.0 	0.01
564	17.5 	0.26
565	18.9 	0.43
566	20.6 	0.48
567	22.4 	0.41
568	23.6 	0.26
569	24.3 	0.05
570	24.0 	-0.27
571	22.3 	-0.45
572	20.7 	-0.27
573	20.3 	0.36
574	23.3 	0.86
575	26.6 	1.09
576	31.2 	1.02
577	33.9 	0.39
578	34.0 	0.02
579	34.0 	0.23
580	35.7 	0.65
581	38.7 	0.81
582	41.5 	0.72
583	43.9 	0.62
584	46.0 	0.60
585	48.2 	0.61
586	50.4 	0.63
587	52.7 	0.66
588	55.1 	0.42
589	55.8 	-0.01
590	55.0 	-0.09
591	55.1 	0.14
592	56.0 	0.24
593	56.8 	0.28
594	58.0 	0.29
595	58.9 	0.27
596	60.0 	0.26
597	60.8 	0.17
598	61.2 	0.17
599	62.0 	0.15
600	62.3 	0.14
601	63.0 	0.24
602	64.0 	0.20
603	64.5 	0.21
604	65.5 	0.28
605	66.5 	0.32
606	67.8 	0.11
607	67.3 	-0.14
608	66.8 	-0.19
609	66.0 	0.01
610	66.9 	0.16
611	67.2 	0.16
612	68.0 	0.13
613	68.1 	0.14
614	69.0 	0.12
615	69.0 	0.00
616	69.0 	0.00
617	69.0 	-0.13
618	68.1 	-0.14
619	68.0 	-0.01
620	68.0 	-0.14
621	67.0 	-0.14
622	67.0 	-0.01
623	66.9 	-0.14
624	66.0 	-0.13
625	66.0 	0.00
626	66.0 	-0.08
627	65.4 	-0.14
628	65.0 	-0.06
629	65.0 	0.00
630	65.0 	0.08
631	65.6 	0.13
632	66.0 	0.06
633	66.0 	0.00
634	66.0 	0.00
635	66.0 	0.01
636	66.1 	0.14
637	67.0 	0.13
638	67.0 	0.00
639	67.0 	0.00
640	67.0 	0.00
641	67.0 	0.00
642	67.0 	0.00
643	67.0 	0.03
644	67.3 	0.14
645	68.0 	0.10
646	68.0 	0.00
647	68.0 	0.00
648	68.0 	0.00
649	68.0 	0.00
650	68.0 	0.00
651	68.0 	0.00
652	68.0 	0.01
653	68.1 	0.14
654	69.0 	0.13
655	69.0 	0.07
656	69.5 	0.14
657	70.0 	0.07
658	70.0 	0.11
659	70.8 	0.14
660	71.0 	0.16
661	72.0 	0.17
662	72.2 	0.14
663	73.0 	0.19
664	73.6 	0.14
665	74.0 	0.15
666	74.7 	0.14
667	75.0 	0.14
668	75.7 	0.14
669	76.0 	0.14
670	76.7 	0.14
671	77.0 	0.12
672	77.5 	0.14
673	78.0 	0.06
674	78.0 	0.00
675	78.0 	0.00
676	78.0 	0.00
677	78.0 	0.00
678	78.0 	0.09
679	78.6 	0.14
680	79.0 	0.05
681	79.0 	0.00
682	79.0 	0.00
683	79.0 	-0.01
684	79.0 	-0.14
685	78.0 	-0.29
686	76.9 	-0.32
687	75.7 	-0.26
688	75.0 	-0.20
689	74.3 	-0.14
690	74.0 	-0.06
691	73.9 	-0.14
692	73.0 	-0.12
693	73.0 	0.00
694	73.0 	-0.13
695	72.0 	-0.14
696	72.0 	-0.07
697	71.5 	-0.14
698	71.0 	-0.15
699	70.4 	-0.14
700	70.0 	-0.15
701	69.3 	-0.18
702	68.7 	-0.22
703	67.8 	-0.29
704	66.7 	-0.26
705	65.9 	-0.23
706	65.0 	-0.13
707	65.0 	-0.07
708	64.5 	-0.14
709	64.0 	-0.06
710	64.0 	0.00
711	64.0 	0.00
712	64.0 	0.00
713	64.0 	0.00
714	64.0 	0.00
715	64.0 	0.00
716	64.0 	0.00
717	64.0 	0.14
718	65.0 	0.26
719	65.8 	0.33
720	67.3 	0.34
721	68.3 	0.23
722	69.0 	0.10
723	69.0 	0.11
724	69.8 	0.14
725	70.0 	0.03
726	70.0 	0.00
727	70.0 	0.09
728	70.6 	0.14
729	71.0 	0.05
730	71.0 	0.00
731	71.0 	0.00
732	71.0 	0.07
733	71.5 	0.14
734	72.0 	0.07
735	72.0 	0.00
736	72.0 	0.06
737	72.4 	0.14
738	73.0 	0.08
739	73.0 	0.00
740	73.0 	0.00
741	73.0 	0.00
742	73.0 	0.00
743	73.0 	0.00
744	73.0 	0.00
745	73.0 	0.00
746	73.0 	0.00
747	73.0 	-0.07
748	72.5 	-0.14
749	72.0 	-0.07
750	72.0 	0.00
751	72.0 	0.00
752	72.0 	0.00
753	72.0 	0.00
754	72.0 	0.00
755	72.0 	0.00
756	72.0 	0.00
757	72.0 	0.00
758	72.0 	0.00
759	72.0 	0.00
760	72.0 	0.00
761	72.0 	0.00
762	72.0 	-0.14
763	71.0 	-0.14
764	71.0 	0.00
765	71.0 	0.00
766	71.0 	-0.01
767	70.9 	-0.14
768	70.0 	-0.13
769	70.0 	0.00
770	70.0 	0.00
771	70.0 	-0.03
772	69.8 	-0.14
773	69.0 	-0.11
774	69.0 	-0.12
775	68.1 	-0.25
776	67.2 	-0.28
777	66.1 	-0.28
778	65.1 	-0.41
779	63.1 	-0.65
780	60.5 	-0.73
781	57.9 	-0.72
782	55.3 	-0.74
783	52.6 	-0.83
784	49.3 	-0.90
785	46.1 	-0.81
786	43.5 	-0.71
787	41.0 	-0.77
788	38.0 	-0.91
789	34.4 	-1.13
790	29.8 	-1.29
791	25.1 	-1.25
792	20.8 	-1.14
793	17.0 	-1.07
794	13.1 	-1.09
795	9.1 	-1.21
796	4.4 	-1.16
797	0.7 	-0.61
798	0.0 	-0.10
799	0.0 	0.00
800	0.0 	0.00
801	0.0 	0.00
802	0.0 	0.00
803	0.0 	0.00
804	0.0 	0.00
805	0.0 	0.00
806	0.0 	0.00
807	0.0 	0.00
808	0.0 	0.00
809	0.0 	0.00
810	0.0 	0.00
811	0.0 	0.00
812	0.0 	0.00
813	0.0 	0.00
814	0.0 	0.00
815	0.0 	0.00
816	0.0 	0.00
817	0.0 	0.00
818	0.0 	0.00
819	0.0 	0.00
820	0.0 	0.00
821	0.0 	0.00
822	0.0 	0.00
823	0.0 	0.00
824	0.0 	0.00
825	0.0 	0.00
826	0.0 	0.00
827	0.0 	0.00
828	0.0 	0.00
829	0.0 	0.00
830	0.0 	0.00
831	0.0 	0.00
832	0.0 	0.00
833	0.0 	0.00
834	0.0 	0.00
835	0.0 	0.00
836	0.0 	0.00
837	0.0 	0.00
838	0.0 	0.00
839	0.0 	0.00
840	0.0 	0.00
841	0.0 	0.00
842	0.0 	0.00
843	0.0 	0.00
844	0.0 	0.00
845	0.0 	0.00
846	0.0 	0.00
847	0.0 	0.00
848	0.0 	0.04
849	0.3 	0.59
850	4.3 	1.49
851	11.0 	1.75
852	16.9 	1.08
853	18.8 	0.21
854	18.4 	0.15
855	19.9 	0.63
856	22.9 	0.94
857	26.6 	1.00
858	30.1 	0.99
859	33.8 	0.68
860	35.0 	0.12
861	34.6 	0.04
862	35.3 	0.48
863	38.1 	0.79
864	41.0 	0.76
865	43.5 	0.66
866	45.8 	0.67
867	48.4 	0.85
868	51.9 	0.73
869	53.6 	0.15
870	53.0 	0.11
871	54.5 	0.45
872	56.3 	0.45
873	57.7 	0.38
874	59.0 	0.18
875	59.0 	0.00
876	59.0 	-0.07
877	58.5 	-0.90
878	52.5 	-1.87
879	45.1 	-1.55
880	41.4 	-0.60
881	40.8 	0.00
882	41.4 	0.53
883	44.6 	1.04
884	48.8 	1.14
885	52.8 	0.96
886	55.8 	0.33
887	55.1 	-0.05
888	55.4 	0.22
889	56.7 	0.35
890	57.9 	0.32
891	59.0 	0.15
892	59.0 	0.00
893	59.0 	0.00
894	59.0 	0.00
895	59.0 	-0.13
896	58.0 	-0.14
897	58.0 	-0.01
898	58.0 	-0.14
899	57.0 	-0.21
900	56.5 	-0.14
901	56.0 	-0.19
902	55.1 	-0.20
903	54.5 	-0.15
904	54.0 	-0.07
905	54.0 	0.00
906	54.0 	0.04
907	54.3 	0.14
908	55.0 	0.10
909	55.0 	0.12
910	55.9 	0.14
911	56.0 	0.11
912	56.7 	0.14
913	57.0 	0.18
914	57.9 	0.14
915	58.0 	0.01
916	58.0 	-0.13
917	57.1 	-0.13
918	57.0 	-0.01
919	57.0 	-0.06
920	56.6 	-0.14
921	56.0 	-0.08
922	56.0 	-0.04
923	55.7 	-0.15
924	54.9 	-0.20
925	54.3 	-0.12
926	54.0 	-0.04
927	54.0 	0.04
928	54.3 	0.11
929	54.8 	0.09
930	55.0 	0.02
931	55.0 	0.00
932	55.0 	0.03
933	55.2 	0.14
934	56.0 	0.11
935	56.0 	0.02
936	56.1 	0.14
937	57.0 	0.12
938	57.0 	0.00
939	57.0 	0.13
940	57.9 	0.07
941	57.5 	-0.16
942	56.8 	-0.28
943	55.5 	-0.34
944	54.4 	-0.29
945	53.4 	-0.26
946	52.5 	-0.19
947	52.0 	-0.06
948	52.0 	0.00
949	52.0 	0.00
950	52.0 	0.00
951	52.0 	0.00
952	52.0 	0.00
953	52.0 	0.00
954	52.0 	0.00
955	52.0 	0.00
956	52.0 	0.02
957	52.2 	0.14
958	53.0 	0.11
959	53.0 	0.11
960	53.8 	0.14
961	54.0 	-0.06
962	53.4 	-0.25
963	52.2 	-0.19
964	52.0 	-0.03
965	52.0 	0.00
966	52.0 	0.00
967	52.0 	0.00
968	52.0 	0.00
969	52.0 	0.00
970	52.0 	0.00
971	52.0 	0.00
972	52.0 	-0.08
973	51.5 	-0.26
974	50.1 	-0.32
975	49.2 	-0.29
976	48.1 	-0.16
977	48.0 	-0.01
978	48.0 	0.00
979	48.0 	-0.07
980	47.4 	-0.14
981	47.0 	-0.14
982	46.4 	-0.14
983	46.0 	-0.17
984	45.2 	-0.23
985	44.3 	-0.26
986	43.3 	-0.36
987	41.8 	-0.61
988	38.9 	-1.08
989	34.0 	-1.53
990	27.9 	-1.88
991	20.4 	-2.14
992	12.4 	-2.07
993	5.5 	-1.48
994	1.8 	-0.71
995	0.4 	-0.25
996	0.0 	-0.06
997	0.0 	0.00
998	0.0 	0.00
999	0.0 	0.00
1000	0.0 	0.00
1001	0.0 	0.00
1002	0.0 	0.00
1003	0.0 	0.00
1004	0.0 	0.00
1005	0.0 	0.00
1006	0.0 	0.00
1007	0.0 	0.00
1008	0.0 	0.50
1009	3.6 	1.49
1010	10.7 	1.60
1011	15.1 	0.98
1012	17.8 	0.32
1013	17.4 	0.03
1014	18.0 	0.45
1015	20.6 	0.75
1016	23.3 	0.71
1017	25.8 	0.62
1018	27.8 	0.45
1019	29.0 	0.17
1020	29.0 	0.11
1021	29.8 	0.24
1022	30.7 	0.17
1023	31.0 	0.04
1024	31.0 	-0.11
1025	30.2 	-0.39
1026	28.2 	-0.68
1027	25.3 	-0.58
1028	24.0 	-0.32
1029	23.0 	-0.26
1030	22.1 	-0.50
1031	19.4 	-0.79
1032	16.4 	-0.60
1033	15.1 	-0.20
1034	15.0 	0.14
1035	16.1 	0.28
1036	17.0 	-0.01
1037	16.0 	-0.29
1038	14.9 	-0.62
1039	11.6 	-0.97
1040	7.9 	-0.71
1041	6.4 	-0.26
1042	6.0 	-0.06
1043	6.0 	-0.06
1044	5.6 	-0.14
1045	5.0 	0.03
1046	5.8 	0.29
1047	7.1 	0.59
1048	10.0 	0.88
1049	13.4 	1.01
1050	17.3 	0.90
1051	19.9 	0.38
1052	20.0 	0.07
1053	20.3 	0.19
1054	21.4 	0.23
1055	22.0 	0.15
1056	22.5 	0.07
1057	22.5 	0.05
1058	22.8 	0.08
1059	23.1 	0.06
1060	23.2 	0.19
1061	24.5 	0.24
1062	25.0 	0.09
1063	25.1 	0.14
1064	26.0 	0.25
1065	26.9 	0.28
1066	28.0 	0.43
1067	30.0 	0.62
1068	32.5 	0.49
1069	33.5 	-0.06
1070	32.0 	-0.56
1071	29.5 	-0.78
1072	26.4 	-0.94
1073	22.7 	-1.05
1074	18.9 	-1.08
1075	14.9 	-1.34
1076	9.2 	-1.42
1077	4.7 	-0.81
1078	3.4 	-0.45
1079	1.4 	-0.47
1080	0.0 	-0.20
1081	0.0 	0.00
1082	0.0 	0.00
