0	0.0 	0.00
1	0.0 	0.00
2	0.0 	0.03
3	0.2 	0.53
4	3.8 	1.28
5	9.4 	1.20
6	12.4 	0.73
7	14.7 	0.36
8	15.0 	-0.02
9	14.5 	-0.27
10	13.1 	-0.21
11	13.0 	-0.07
12	12.6 	-0.14
13	12.0 	0.14
14	13.6 	0.50
15	15.6 	0.52
16	17.4 	0.45
17	18.9 	0.37
18	20.0 	0.13
19	19.9 	-0.14
20	19.0 	-0.11
21	19.0 	0.20
22	20.5 	0.34
23	21.5 	0.21
24	22.0 	0.01
25	21.6 	-0.22
26	20.4 	-0.23
27	19.9 	-0.05
28	20.0 	0.10
29	20.7 	-0.07
30	19.5 	-0.53
31	16.8 	-0.67
32	14.7 	-0.51
33	13.2 	-0.34
34	12.2 	-0.09
35	12.5 	0.29
36	14.3 	0.51
37	16.2 	0.38
38	17.0 	-0.08
39	15.6 	-0.68
40	12.1 	-1.32
41	6.1 	-1.37
42	2.3 	-0.51
43	2.5 	0.60
44	6.6 	0.88
45	8.8 	-0.02
46	6.5 	-0.40
47	6.0 	-0.07
48	6.0 	0.38
49	8.7 	0.55
50	9.9 	0.49
51	12.2 	0.53
52	13.8 	0.12
53	13.0 	-0.80
54	8.0 	-0.74
55	7.7 	-0.28
56	6.0 	-0.38
57	5.0 	-0.13
58	5.0 	0.30
59	7.2 	0.52
60	8.8 	0.12
61	8.1 	-0.11
62	8.0 	0.32
63	10.4 	0.55
64	11.9 	0.04
65	10.7 	-0.53
66	8.1 	-0.67
67	5.8 	-0.26
68	6.3 	0.47
69	9.2 	0.79
70	12.0 	0.72
71	14.4 	0.62
72	16.4 	0.51
73	18.0 	0.22
74	18.0 	-0.06
75	17.6 	-0.13
76	17.1 	0.17
77	18.8 	0.52
78	20.8 	0.52
79	22.6 	0.39
80	23.6 	0.34
81	25.0 	0.43
82	26.7 	0.42
83	28.0 	0.41
84	29.6 	0.37
85	30.7 	0.29
86	31.8 	0.16
87	31.8 	-0.10
88	31.0 	-0.18
89	30.5 	-0.14
90	30.0 	-0.12
91	29.6 	-0.27
92	28.1 	-0.97
93	22.6 	-1.29
94	18.8 	-1.78
95	9.8 	-2.08
96	3.8 	-0.99
97	2.7 	0.25
98	5.7 	1.30
99	12.0 	1.50
100	16.5 	0.83
101	18.0 	0.21
102	18.0 	0.19
103	19.3 	0.53
104	21.8 	0.60
105	23.6 	0.41
106	24.8 	0.19
107	25.0 	0.03
108	25.0 	-0.05
109	24.6 	-0.16
110	23.9 	-0.37
111	22.0 	-0.24
112	22.2 	0.13
113	22.9 	-0.06
114	21.7 	-0.40
115	20.1 	-0.48
116	18.2 	-0.46
117	16.8 	-0.36
118	15.6 	-0.46
119	13.5 	-0.50
120	12.0 	-0.14
121	12.4 	0.39
122	14.8 	0.63
123	16.9 	0.57
124	18.9 	0.53
125	20.8 	0.51
126	22.5 	0.50
127	24.3 	0.51
128	26.2 	0.58
129	28.5 	0.58
130	30.4 	0.45
131	31.7 	0.09
132	31.0 	-0.10
133	31.0 	-0.13
134	30.0 	-0.45
135	27.8 	-0.81
136	24.2 	-1.02
137	20.4 	-0.82
138	18.3 	-0.34
139	18.0 	-0.05
140	18.0 	-0.07
141	17.5 	0.20
142	19.4 	0.69
143	22.5 	0.89
144	25.8 	0.75
145	27.9 	0.30
146	28.0 	0.01
147	28.0 	0.13
148	29.0 	0.32
149	30.3 	0.36
150	31.6 	0.46
151	33.6 	0.27
152	33.6 	-0.09
153	33.0 	-0.14
154	32.6 	-0.05
155	32.7 	0.06
156	33.0 	-0.10
157	32.0 	-0.46
158	29.7 	-0.75
159	26.6 	-0.98
160	22.6 	-1.17
161	18.1 	-0.97
162	15.6 	-0.53
163	14.4 	-0.23
164	14.0 	0.09
165	15.0 	0.35
166	16.5 	0.68
167	19.9 	0.87
168	22.8 	0.82
169	25.8 	0.87
170	29.0 	0.79
171	31.5 	0.41
172	32.0 	-0.07
173	31.0 	-0.22
174	30.4 	0.00
175	31.0 	0.03
176	30.6 	-0.59
177	26.8 	-0.91
178	24.0 	-0.31
179	24.6 	0.40
180	26.9 	0.67
181	29.4 	0.44
182	30.0 	0.09
183	30.0 	-0.28
184	28.0 	-0.95
185	23.1 	-1.38
186	18.0 	-0.98
187	16.1 	-0.18
188	16.7 	0.46
189	19.4 	0.82
190	22.6 	0.86
191	25.6 	0.77
192	28.2 	0.63
193	30.1 	0.54
194	32.1 	0.62
195	34.6 	0.40
196	35.0 	-0.03
197	34.4 	-0.11
198	34.2 	0.11
199	35.2 	0.25
200	36.0 	0.23
201	36.8 	0.14
202	37.0 	-0.04
203	36.6 	-0.19
204	35.6 	-0.32
205	34.3 	-0.43
206	32.5 	-0.52
207	30.5 	-0.69
208	27.5 	-1.20
209	21.9 	-1.80
210	14.6 	-1.65
211	10.0 	-0.77
212	9.0 	0.14
213	11.1 	0.72
214	14.2 	0.98
215	18.1 	0.99
216	21.3 	0.82
217	24.0 	0.61
218	25.7 	0.53
219	27.9 	0.59
220	30.0 	0.44
221	31.0 	0.15
222	31.0 	-0.03
223	30.8 	-0.46
224	27.7 	-1.28
225	21.5 	-1.69
226	15.6 	-1.35
227	11.8 	-0.74
228	10.2 	-0.33
229	9.4 	-0.21
230	8.7 	-0.48
231	5.9 	-0.93
232	2.0 	-0.68
233	1.0 	-0.10
234	1.3 	0.39
235	3.8 	0.52
236	5.0 	0.46
237	7.2 	0.65
238	9.7 	0.58
239	11.4 	0.49
240	13.2 	0.37
241	14.0 	0.03
242	13.4 	0.06
243	14.4 	0.35
244	15.9 	0.32
245	16.8 	0.24
246	17.7 	0.50
247	20.3 	0.75
248	23.1 	0.71
249	25.4 	0.31
250	25.4 	-0.28
251	23.4 	-0.48
252	21.9 	-0.39
253	20.6 	-0.36
254	19.3 	-0.31
255	18.4 	-0.14
256	18.3 	0.12
257	19.3 	0.24
258	20.0 	0.10
259	20.0 	-0.14
260	19.0 	-0.37
261	17.3 	-0.28
262	17.0 	0.16
263	18.5 	0.50
264	20.6 	0.38
265	21.2 	0.20
266	22.0 	0.11
267	22.0 	0.00
268	22.0 	-0.04
269	21.7 	-0.22
270	20.4 	-0.28
271	19.7 	-0.19
272	19.0 	-0.15
273	18.7 	-0.22
274	17.4 	-0.23
275	17.0 	-0.06
276	17.0 	-0.07
277	16.5 	-0.22
278	15.5 	-0.29
279	14.4 	-0.20
280	14.0 	0.03
281	14.6 	0.14
282	15.0 	0.05
283	15.0 	-0.06
284	14.5 	-0.29
285	12.9 	-0.48
286	11.1 	-0.40
287	10.1 	-0.11
288	10.3 	0.35
289	12.6 	0.49
290	13.8 	0.43
291	15.6 	0.41
292	16.8 	0.36
293	18.2 	0.33
294	19.1 	0.26
295	20.1 	0.22
296	20.8 	-0.11
297	19.4 	-0.36
298	18.1 	-0.23
299	17.7 	0.00
300	18.1 	0.04
301	18.0 	-0.12
302	17.2 	-0.24
303	16.3 	0.18
304	18.5 	0.70
305	21.3 	0.51
306	22.2 	0.23
307	23.0 	0.12
308	23.0 	0.15
309	24.1 	0.45
310	26.3 	0.77
311	29.6 	0.66
312	31.0 	0.20
313	31.0 	0.00
314	31.0 	0.00
315	31.0 	0.00
316	31.0 	-0.09
317	30.3 	-0.26
318	29.1 	-0.24
319	28.6 	0.16
320	30.3 	0.54
321	32.5 	0.50
322	33.9 	0.21
323	34.0 	-0.06
324	33.4 	-0.26
325	32.1 	-0.33
326	31.0 	-0.18
327	30.8 	-0.11
328	30.2 	-0.11
329	30.0 	-0.02
330	30.0 	0.00
331	30.0 	-0.11
332	29.2 	-0.19
333	28.6 	-0.37
334	26.5 	-0.60
335	24.3 	-0.73
336	21.3 	-0.60
337	20.0 	-0.18
338	20.0 	-0.11
339	19.2 	0.00
340	20.0 	0.29
341	21.3 	0.47
342	23.4 	0.62
343	25.8 	0.59
344	27.6 	0.40
345	28.6 	0.19
346	29.0 	0.09
347	29.3 	0.14
348	30.0 	0.02
349	29.4 	-0.23
350	28.3 	-0.33
351	27.0 	-0.41
352	25.4 	-0.52
353	23.3 	-0.68
354	20.5 	-0.81
355	17.4 	-0.76
356	15.0 	-0.59
357	13.1 	-0.78
358	9.4 	-0.80
359	7.4 	-0.22
360	7.9 	0.32
361	9.7 	0.60
362	12.2 	0.70
363	14.7 	0.53
364	16.0 	0.19
365	16.1 	-0.05
366	15.6 	0.01
367	16.2 	0.43
368	18.7 	0.36
369	18.7 	-0.20
370	17.2 	-0.24
371	17.0 	0.14
372	18.2 	0.73
373	22.3 	1.17
374	26.6 	1.28
375	31.5 	1.02
376	34.0 	0.30
377	33.7 	0.04
378	34.3 	0.41
379	36.7 	0.69
380	39.2 	0.57
381	40.8 	0.36
382	41.8 	0.17
383	42.0 	0.02
384	42.0 	-0.09
385	41.4 	-0.24
386	40.3 	-0.33
387	39.0 	-0.34
388	37.8 	-0.34
389	36.6 	-0.33
390	35.5 	-0.28
391	34.6 	-0.32
392	33.2 	-0.41
393	31.6 	-0.57
394	29.1 	-0.51
395	28.0 	-0.24
396	27.3 	0.07
397	28.5 	0.41
398	30.3 	0.53
399	32.3 	0.52
400	34.0 	0.44
401	35.5 	0.49
402	37.6 	0.61
403	39.9 	0.82
404	43.5 	0.92
405	46.5 	0.98
406	50.5 	1.06
407	54.1 	0.57
408	54.6 	-0.02
409	54.0 	-0.09
410	54.0 	0.00
411	54.0 	-0.14
412	53.0 	-0.29
413	51.9 	-0.31
414	50.8 	-0.30
415	49.8 	-0.28
416	48.8 	-0.30
417	47.6 	-0.32
418	46.5 	-0.32
419	45.3 	-0.20
420	45.0 	0.03
421	45.5 	0.19
422	46.3 	0.25
423	47.3 	0.25
424	48.1 	0.24
425	49.0 	0.29
426	50.2 	0.30
427	51.1 	0.27
428	52.1 	0.26
429	53.0 	0.26
430	54.0 	0.25
431	54.9 	0.21
432	55.5 	0.22
433	56.5 	0.20
434	57.0 	0.00
435	56.5 	-0.18
436	55.7 	-0.27
437	54.5 	-0.32
438	53.4 	-0.33
439	52.2 	-0.28
440	51.4 	-0.16
441	51.0 	-0.05
442	51.0 	0.00
443	51.0 	-0.05
444	50.7 	-0.24
445	49.3 	-0.75
446	45.3 	-1.40
447	39.2 	-1.88
448	31.7 	-2.20
449	23.4 	-1.48
450	21.0 	-0.35
451	20.9 	0.29
452	23.1 	0.89
453	27.3 	1.09
454	31.0 	1.02
455	34.6 	0.69
456	36.0 	0.19
457	36.0 	0.11
458	36.8 	0.37
459	38.6 	0.59
460	41.0 	0.75
461	44.0 	0.81
462	46.8 	0.69
463	49.0 	0.58
464	51.0 	0.24
465	50.8 	-0.05
466	50.6 	0.03
467	51.0 	0.13
468	51.6 	0.08
469	51.6 	-0.08
470	51.0 	-0.21
471	50.1 	-0.17
472	49.8 	-0.15
473	49.0 	-0.21
474	48.3 	-0.18
475	47.7 	-0.18
476	47.0 	-0.25
477	45.9 	-0.28
478	45.0 	-0.34
479	43.5 	-0.93
480	38.2 	-1.95
481	29.4 	-2.77
482	18.3 	-1.98
483	15.1 	-0.42
484	15.3 	0.42
485	18.1 	0.91
486	21.8 	1.03
487	25.6 	1.10
488	29.7 	1.04
489	33.1 	0.59
490	34.0 	0.10
491	33.8 	0.05
492	34.4 	0.38
493	36.5 	0.59
494	38.7 	0.69
495	41.5 	0.73
496	43.9 	0.63
497	46.0 	0.56
498	47.9 	0.46
499	49.3 	0.41
500	50.9 	0.32
501	51.6 	0.16
502	52.0 	0.06
503	52.0 	0.00
504	52.0 	-0.03
505	51.8 	-0.18
506	50.7 	-0.29
507	49.7 	-0.53
508	46.9 	-0.77
509	44.2 	-0.71
510	41.9 	-0.59
511	39.9 	-0.48
512	38.4 	-0.22
513	38.3 	0.15
514	39.5 	0.35
515	40.9 	0.54
516	43.4 	0.52
517	44.6 	0.10
518	44.1 	-0.19
519	43.3 	-0.06
520	43.7 	0.23
521	44.9 	0.35
522	46.2 	0.35
523	47.5 	0.25
524	48.0 	0.07
525	48.0 	0.00
526	48.0 	-0.07
527	47.5 	0.00
528	48.0 	0.07
529	48.0 	0.13
530	49.0 	0.14
531	49.0 	0.02
532	49.1 	-0.01
533	48.9 	-0.04
534	48.8 	-0.13
535	48.0 	-0.12
536	48.0 	-0.15
537	46.9 	-0.54
538	44.1 	-0.75
539	41.5 	-0.89
540	37.7 	-1.36
541	31.7 	-1.74
542	25.2 	-1.47
543	21.1 	-0.72
544	20.0 	0.01
545	21.2 	0.67
546	24.9 	1.09
547	29.0 	1.04
548	32.3 	0.91
549	35.6 	0.65
550	37.0 	0.09
551	36.2 	0.06
552	37.5 	0.56
553	40.2 	0.83
554	43.4 	0.74
555	45.5 	0.50
556	47.0 	0.14
557	46.5 	-0.26
558	45.1 	-0.67
559	41.7 	-1.07
560	37.4 	-1.46
561	31.2 	-2.16
562	21.9 	-2.51
563	13.1 	-1.73
564	9.5 	-0.46
565	9.8 	0.38
566	12.2 	0.92
567	16.4 	1.17
568	20.6 	1.20
569	25.1 	1.19
570	29.2 	1.01
571	32.3 	0.79
572	34.9 	0.45
573	35.6 	0.02
574	35.0 	-0.11
575	34.8 	0.07
576	35.5 	0.24
577	36.5 	0.24
578	37.3 	0.22
579	38.1 	0.29
580	39.4 	0.36
581	40.7 	0.38
582	42.1 	0.39
583	43.5 	0.32
584	44.4 	0.06
585	44.0 	-0.19
586	43.0 	-0.33
587	41.6 	-0.33
588	40.6 	-0.30
589	39.5 	-0.33
590	38.2 	-0.58
591	35.3 	-0.97
592	31.2 	-0.89
593	28.9 	-0.43
594	28.1 	-0.12
595	28.0 	-0.02
596	28.0 	-0.11
597	27.2 	-0.14
598	27.0 	-0.14
599	26.2 	-0.32
600	24.7 	-0.44
601	23.0 	-0.60
602	20.4 	-0.86
603	16.8 	-0.80
604	14.6 	-0.85
605	10.7 	-1.06
606	7.0 	-1.03
607	3.3 	-0.96
608	0.1 	-0.45
609	0.0 	-0.01
610	0.0 	0.39
611	2.8 	1.00
612	7.2 	1.08
613	10.6 	0.73
614	12.5 	0.41
615	13.6 	0.38
616	15.2 	0.34
617	16.0 	0.01
618	15.3 	-0.14
619	15.0 	0.09
620	15.9 	0.24
621	16.7 	0.23
622	17.6 	0.18
623	18.0 	0.24
624	19.3 	0.37
625	20.6 	0.30
626	21.5 	0.26
627	22.5 	-0.06
628	21.0 	-0.52
629	18.8 	-0.62
630	16.6 	-0.40
631	15.9 	0.21
632	18.1 	0.88
633	22.2 	1.12
634	26.1 	0.98
635	29.3 	0.98
636	33.1 	0.65
637	34.0 	0.12
638	34.0 	0.10
639	34.8 	0.51
640	37.7 	0.85
641	40.8 	0.96
642	44.6 	0.95
643	47.7 	0.87
644	50.9 	0.48
645	51.1 	0.01
646	51.0 	-0.01
647	51.1 	0.19
648	52.4 	0.37
649	53.7 	0.44
650	55.5 	0.43
651	56.8 	0.31
652	57.8 	0.20
653	58.2 	0.17
654	59.0 	0.22
655	59.8 	0.14
656	60.0 	0.06
657	60.3 	0.13
658	61.0 	0.10
659	61.0 	0.00
660	61.0 	0.00
661	61.0 	0.00
662	61.0 	0.00
663	61.0 	0.00
664	61.0 	0.00
665	61.0 	0.00
666	61.0 	0.00
667	61.0 	0.00
668	61.0 	0.00
669	61.0 	0.00
670	61.0 	0.00
671	61.0 	0.00
672	61.0 	0.00
673	61.0 	0.00
674	61.0 	0.00
675	61.0 	0.02
676	61.1 	0.14
677	62.0 	0.16
678	62.3 	0.14
679	63.0 	0.15
680	63.4 	0.14
681	64.0 	0.08
682	64.0 	0.00
683	64.0 	0.01
684	64.1 	0.00
685	64.0 	-0.01
686	64.0 	0.00
687	64.0 	0.00
688	64.0 	-0.05
689	63.6 	-0.14
690	63.0 	-0.09
691	63.0 	0.00
692	63.0 	0.00
693	63.0 	0.00
694	63.0 	0.02
695	63.1 	0.06
696	63.4 	0.02
697	63.2 	-0.03
698	63.2 	0.11
699	64.0 	0.11
700	64.0 	0.00
701	64.0 	0.00
702	64.0 	0.00
703	64.0 	-0.09
704	63.4 	-0.14
705	63.0 	-0.05
706	63.0 	0.00
707	63.0 	0.00
708	63.0 	0.00
709	63.0 	0.00
710	63.0 	0.00
711	63.0 	0.00
712	63.0 	0.00
713	63.0 	0.00
714	63.0 	0.00
715	63.0 	0.00
716	63.0 	0.00
717	63.0 	0.00
718	63.0 	0.00
719	63.0 	0.00
720	63.0 	0.00
721	63.0 	0.00
722	63.0 	-0.01
723	62.9 	-0.14
724	62.0 	-0.13
725	62.0 	0.00
726	62.0 	0.00
727	62.0 	0.00
728	62.0 	0.00
729	62.0 	0.00
730	62.0 	0.00
731	62.0 	0.00
732	62.0 	0.00
733	62.0 	0.00
734	62.0 	0.00
735	62.0 	0.00
736	62.0 	0.00
737	62.0 	0.00
738	62.0 	0.06
739	62.5 	0.14
740	63.0 	0.07
741	63.0 	0.00
742	63.0 	0.09
743	63.7 	0.14
744	64.0 	0.05
745	64.0 	0.00
746	64.0 	0.00
747	64.0 	0.00
748	64.0 	0.04
749	64.3 	0.14
750	65.0 	0.10
751	65.0 	0.00
752	65.0 	0.00
753	65.0 	0.00
754	65.0 	0.00
755	65.0 	0.01
756	65.1 	0.14
757	66.0 	0.12
758	66.0 	0.00
759	66.0 	0.00
760	66.0 	0.00
761	66.0 	0.00
762	66.0 	0.01
763	66.1 	0.14
764	67.0 	0.13
765	67.0 	0.00
766	67.0 	0.00
767	67.0 	0.00
768	67.0 	0.00
769	67.0 	0.00
770	67.0 	0.00
771	67.0 	0.00
772	67.0 	0.00
773	67.0 	0.09
774	67.6 	0.17
775	68.2 	0.24
776	69.4 	0.32
777	70.5 	0.23
778	71.0 	0.07
779	71.0 	-0.09
780	70.3 	-0.14
781	70.0 	-0.10
782	69.6 	-0.14
783	69.0 	-0.10
784	68.9 	-0.14
785	68.0 	-0.12
786	68.0 	0.00
787	68.0 	0.00
788	68.0 	0.00
789	68.0 	0.00
790	68.0 	0.08
791	68.6 	0.14
792	69.0 	0.06
793	69.0 	0.06
794	69.4 	0.22
795	70.6 	0.33
796	71.8 	0.32
797	72.9 	0.23
798	73.5 	0.15
799	74.0 	0.08
800	74.0 	0.00
801	74.0 	0.00
802	74.0 	-0.11
803	73.2 	-0.14
804	73.0 	-0.06
805	72.8 	-0.14
806	72.0 	-0.19
807	71.5 	-0.14
808	71.0 	-0.16
809	70.3 	-0.14
810	70.0 	-0.14
811	69.3 	-0.14
812	69.0 	-0.13
813	68.4 	-0.14
814	68.0 	-0.05
815	68.0 	0.00
816	68.0 	0.00
817	68.0 	0.00
818	68.0 	0.00
819	68.0 	0.01
820	68.1 	0.14
821	69.0 	0.13
822	69.0 	0.00
823	69.0 	0.03
824	69.2 	0.14
825	70.0 	0.11
826	70.0 	-0.08
827	69.4 	-0.14
828	69.0 	-0.06
829	69.0 	-0.12
830	68.1 	-0.14
831	68.0 	-0.08
832	67.5 	-0.14
833	67.0 	-0.07
834	67.0 	0.12
835	67.9 	0.14
836	68.0 	0.02
837	68.0 	0.00
838	68.0 	0.00
839	68.0 	0.11
840	68.8 	0.19
841	69.4 	0.22
842	70.4 	0.25
843	71.2 	0.22
844	72.0 	0.07
845	71.7 	-0.19
846	70.6 	-0.30
847	69.5 	-0.31
848	68.4 	-0.30
849	67.4 	-0.41
850	65.4 	-0.56
851	63.4 	-0.64
852	60.9 	-0.63
853	58.9 	-0.61
854	56.5 	-0.70
855	53.9 	-0.86
856	50.3 	-1.04
857	46.4 	-1.38
858	40.4 	-1.70
859	34.1 	-1.81
860	27.3 	-1.80
861	21.2 	-1.70
862	15.1 	-1.41
863	11.0 	-1.29
864	5.8 	-1.19
865	2.4 	-0.67
866	1.0 	-0.30
867	0.2 	-0.14
868	0.0 	-0.03
869	0.0 	0.00
870	0.0 	0.00
871	0.0 	0.00
872	0.0 	0.00
873	0.0 	0.00
874	0.0 	0.00
875	0.0 	0.00
876	0.0 	0.00
877	0.0 	0.00
878	0.0 	0.00
879	0.0 	0.00
880	0.0 	0.00
881	0.0 	0.00
882	0.0 	0.00
883	0.0 	0.00
884	0.0 	0.00
885	0.0 	0.00
886	0.0 	0.00
887	0.0 	0.00
888	0.0 	0.00
889	0.0 	0.00
890	0.0 	0.00
891	0.0 	0.00
892	0.0 	0.00
893	0.0 	0.00
894	0.0 	0.00
895	0.0 	0.00
896	0.0 	0.00
897	0.0 	0.00
898	0.0 	0.00
899	0.0 	0.00
900	0.0 	0.00
901	0.0 	0.00
902	0.0 	0.00
903	0.0 	0.00
904	0.0 	0.00
905	0.0 	0.00
906	0.0 	0.00
907	0.0 	0.00
908	0.0 	0.00
909	0.0 	0.00
910	0.0 	0.00
911	0.0 	0.00
912	0.0 	0.14
913	1.0 	0.89
914	6.4 	1.60
915	12.5 	1.30
916	15.8 	0.62
917	17.0 	0.17
918	17.0 	0.18
919	18.3 	0.42
920	20.0 	0.64
921	22.9 	0.68
922	24.9 	0.73
923	28.2 	1.06
924	32.5 	1.18
925	36.7 	0.94
926	39.3 	0.32
927	39.0 	-0.04
928	39.0 	0.20
929	40.5 	0.56
930	43.0 	0.62
931	44.9 	0.49
932	46.5 	0.47
933	48.3 	0.43
934	49.6 	0.23
935	50.0 	0.06
936	50.0 	0.05
937	50.3 	0.21
938	51.5 	0.42
939	53.4 	0.56
940	55.5 	0.52
941	57.1 	0.41
942	58.5 	0.27
943	59.0 	0.07
944	58.9 	-0.14
945	58.0 	-0.11
946	58.1 	0.21
947	59.5 	0.45
948	61.4 	0.40
949	62.4 	0.22
950	63.0 	0.09
951	63.0 	0.02
952	63.1 	0.14
953	64.0 	0.12
954	64.0 	0.00
955	64.0 	0.13
956	65.0 	0.14
957	65.0 	0.01
958	65.0 	0.04
959	65.3 	0.14
960	66.0 	0.10
961	66.0 	0.00
962	66.0 	0.01
963	66.1 	0.14
964	67.0 	0.13
965	67.0 	0.00
966	67.0 	0.00
967	67.0 	0.00
968	67.0 	0.00
969	67.0 	0.00
970	67.0 	0.00
971	67.0 	0.00
972	67.0 	0.00
973	67.0 	0.00
974	67.0 	0.00
975	67.0 	0.00
976	67.0 	-0.11
977	66.2 	-0.30
978	64.8 	-0.37
979	63.5 	-0.36
980	62.3 	-0.35
981	61.0 	-0.31
982	60.1 	-0.22
983	59.4 	-0.03
984	59.9 	0.10
985	60.1 	0.16
986	61.0 	0.20
987	61.6 	0.14
988	62.0 	0.15
989	62.7 	0.14
990	63.0 	0.16
991	63.9 	0.14
992	64.0 	0.15
993	65.0 	0.14
994	65.0 	0.01
995	65.0 	0.14
996	66.0 	0.13
997	66.0 	-0.10
998	65.3 	-0.16
999	64.8 	-0.17
1000	64.0 	-0.20
1001	63.4 	-0.16
1002	62.9 	-0.19
1003	62.0 	-0.14
1004	61.8 	-0.14
1005	61.0 	-0.22
1006	60.2 	-0.35
1007	58.4 	-0.64
1008	55.6 	-0.94
1009	51.7 	-1.02
1010	48.3 	-0.57
1011	47.6 	-0.23
1012	46.6 	-0.22
1013	46.0 	-0.08
1014	46.0 	0.00
1015	46.0 	0.11
1016	46.8 	0.14
1017	47.0 	0.03
1018	47.0 	0.00
1019	47.0 	0.00
1020	47.0 	0.00
1021	47.0 	0.00
1022	47.0 	0.00
1023	47.0 	0.00
1024	47.0 	0.00
1025	47.0 	0.00
1026	47.0 	0.00
1027	47.0 	0.14
1028	48.0 	0.14
1029	48.0 	-0.13
1030	47.0 	-0.14
1031	47.0 	0.00
1032	47.0 	0.00
1033	47.0 	0.00
1034	47.0 	-0.12
1035	46.2 	-0.14
1036	46.0 	-0.02
1037	46.0 	0.00
1038	46.0 	0.00
1039	46.0 	-0.13
1040	45.0 	-0.19
1041	44.7 	-0.21
1042	43.5 	-0.44
1043	41.5 	-0.62
1044	39.0 	-0.90
1045	35.0 	-1.27
1046	29.9 	-1.49
1047	24.3 	-1.63
1048	18.2 	-1.20
1049	15.7 	-0.44
1050	15.0 	-0.07
1051	15.2 	0.28
1052	17.0 	0.62
1053	19.6 	0.68
1054	21.9 	0.57
1055	23.8 	0.51
1056	25.6 	0.53
1057	27.6 	0.51
1058	29.3 	0.44
1059	30.8 	0.47
1060	32.7 	0.45
1061	34.0 	0.19
1062	34.0 	0.01
1063	34.1 	0.19
1064	35.4 	0.43
1065	37.2 	0.36
1066	38.0 	0.05
1067	37.6 	-0.20
1068	36.6 	-0.29
1069	35.5 	-0.39
1070	33.8 	-0.44
1071	32.3 	-0.35
1072	31.3 	-0.26
1073	30.5 	-0.21
1074	29.7 	-0.21
1075	29.0 	-0.24
1076	28.0 	-0.13
1077	28.0 	0.07
1078	28.5 	0.05
1079	28.3 	-0.10
1080	27.8 	-0.19
1081	27.0 	-0.12
1082	26.9 	-0.14
1083	26.0 	-0.02
1084	26.8 	0.27
1085	28.0 	0.13
1086	27.7 	-0.19
1087	26.6 	-0.39
1088	24.9 	-0.36
1089	24.0 	-0.22
1090	23.3 	0.06
1091	24.4 	0.47
1092	26.7 	0.62
1093	28.9 	0.46
1094	30.0 	0.16
1095	30.0 	-0.18
1096	28.7 	-0.50
1097	26.4 	-0.85
1098	22.6 	-1.25
1099	17.4 	-1.50
1100	11.8 	-1.42
1101	7.2 	-1.24
1102	2.9 	-0.89
1103	0.8 	-0.40
1104	0.0 	-0.11
1105	0.0 	0.00
1106	0.0 	0.00
