0	0.0 	0.00
1	0.0 	0.00
2	0.0 	0.13
3	1.0 	0.69
4	4.9 	0.66
5	5.7 	-0.19
6	3.6 	-0.36
7	3.1 	0.28
8	5.6 	0.64
9	7.7 	0.47
10	9.0 	0.18
11	9.0 	0.22
12	10.6 	0.75
13	14.4 	0.89
14	17.0 	0.36
15	17.0 	-0.09
16	16.4 	-0.26
17	15.1 	-0.30
18	14.2 	-0.04
19	14.8 	0.14
20	15.3 	0.17
21	16.0 	0.12
22	16.1 	0.00
23	16.0 	-0.02
24	16.0 	0.00
25	16.0 	-0.33
26	13.6 	-0.51
27	12.3 	-0.23
28	12.0 	0.08
29	12.9 	0.36
30	14.6 	0.40
31	15.7 	0.03
32	14.8 	-0.32
33	13.5 	-0.38
34	12.0 	-0.54
35	9.6 	-0.40
36	9.1 	0.22
37	11.1 	0.64
38	13.7 	0.70
39	16.1 	0.56
40	17.7 	0.39
41	18.9 	0.31
42	20.0 	0.15
43	20.0 	-0.18
44	18.7 	-0.44
45	16.8 	-0.64
46	14.1 	-0.66
47	12.1 	-0.38
48	11.3 	-0.15
49	11.0 	-0.05
50	11.0 	0.18
51	12.3 	0.52
52	14.7 	0.59
53	16.5 	0.43
54	17.8 	0.08
55	17.1 	-0.51
56	14.2 	-0.82
57	11.2 	-0.58
58	10.0 	-0.17
59	10.0 	0.11
60	10.8 	0.39
61	12.8 	0.58
62	15.0 	0.59
63	17.0 	0.54
64	18.9 	0.64
65	21.6 	0.65
66	23.6 	0.41
67	24.6 	0.38
68	26.3 	0.42
69	27.6 	0.36
70	29.0 	0.19
71	29.0 	-0.06
72	28.5 	-0.14
73	27.9 	-0.13
74	27.5 	0.01
75	28.0 	0.15
76	28.6 	0.14
77	29.0 	0.13
78	29.5 	0.14
79	30.0 	0.07
80	30.0 	-0.04
81	29.7 	-0.18
82	28.7 	-0.28
83	27.7 	-0.31
84	26.5 	-0.25
85	25.9 	-0.21
86	25.0 	-0.17
87	24.7 	-0.15
88	23.9 	-0.23
89	23.0 	-0.16
90	22.8 	-0.28
91	21.0 	-0.61
92	18.4 	-0.87
93	14.7 	-0.90
94	12.0 	-0.46
95	11.4 	0.26
96	13.9 	0.68
97	16.3 	0.60
98	18.2 	0.48
99	19.7 	0.48
100	21.6 	0.31
101	22.0 	-0.04
102	21.4 	-0.14
103	21.0 	-0.25
104	19.6 	-0.37
105	18.3 	-0.33
106	17.2 	-0.18
107	17.0 	0.00
108	17.2 	0.24
109	18.8 	0.46
110	20.5 	0.56
111	22.8 	0.58
112	24.7 	0.55
113	26.8 	0.52
114	28.4 	0.51
115	30.4 	0.48
116	31.9 	0.22
117	32.0 	0.02
118	32.0 	-0.03
119	31.8 	-0.30
120	29.9 	-0.70
121	26.7 	-1.07
122	22.2 	-1.18
123	18.2 	-0.60
124	17.9 	-0.07
125	17.7 	0.16
126	19.0 	0.53
127	21.6 	0.71
128	24.2 	0.66
129	26.3 	0.42
130	27.2 	0.23
131	28.0 	0.10
132	28.0 	0.00
133	28.0 	0.02
134	28.1 	0.21
135	29.5 	0.38
136	30.8 	0.36
137	32.1 	0.16
138	32.0 	-0.05
139	31.7 	-0.14
140	31.0 	-0.11
141	30.9 	-0.14
142	30.0 	-0.31
143	28.6 	-0.43
144	26.9 	-0.53
145	24.8 	-0.61
146	22.5 	-0.56
147	20.7 	-0.41
148	19.5 	-0.24
149	19.0 	0.00
150	19.5 	0.15
151	20.1 	0.39
152	22.3 	0.68
153	25.0 	0.74
154	27.7 	0.54
155	28.9 	-0.02
156	27.5 	-0.42
157	25.9 	-0.46
158	24.2 	-0.46
159	22.6 	-0.53
160	20.5 	-0.33
161	20.2 	0.20
162	21.9 	0.47
163	23.6 	0.54
164	25.8 	0.67
165	28.4 	0.66
166	30.6 	0.36
167	31.0 	0.00
168	30.5 	-0.05
169	30.6 	0.11
170	31.4 	0.29
171	32.7 	0.23
172	33.0 	0.02
173	32.9 	-0.18
174	31.7 	-0.14
175	31.9 	0.08
176	32.3 	0.16
177	33.0 	-0.03
178	32.1 	-0.30
179	30.8 	-0.29
180	30.0 	-0.01
181	30.8 	0.34
182	32.4 	0.34
183	33.3 	0.08
184	33.0 	-0.20
185	31.8 	-0.35
186	30.5 	-0.34
187	29.3 	-0.52
188	26.8 	-0.84
189	23.3 	-0.78
190	21.2 	-0.41
191	20.3 	-0.25
192	19.4 	-0.21
193	18.8 	-0.19
194	18.0 	-0.18
195	17.5 	-0.14
196	17.0 	0.06
197	17.9 	0.25
198	18.8 	0.37
199	20.6 	0.51
200	22.5 	0.45
201	23.8 	0.28
202	24.5 	0.19
203	25.2 	0.25
204	26.3 	0.26
205	27.1 	0.21
206	27.8 	-0.08
207	26.6 	-0.38
208	25.1 	-0.23
209	24.9 	-0.15
210	24.0 	-0.24
211	23.2 	-0.19
212	22.6 	-0.22
213	21.6 	-0.29
214	20.5 	-0.32
215	19.3 	-0.35
216	17.9 	-0.32
217	17.0 	-0.27
218	16.0 	0.04
219	17.3 	0.43
220	19.1 	0.46
221	20.6 	0.26
222	21.0 	0.05
223	21.0 	-0.12
224	20.1 	-0.13
225	20.0 	0.07
226	20.6 	0.13
227	21.0 	0.05
228	20.9 	-0.18
229	19.7 	-0.39
230	18.1 	-0.37
231	17.0 	-0.29
232	16.0 	-0.14
233	16.0 	-0.12
234	15.2 	-0.14
235	15.0 	-0.02
236	15.1 	0.19
237	16.4 	0.36
238	17.6 	0.36
239	19.0 	0.24
240	19.4 	0.14
241	20.0 	0.08
242	20.0 	-0.04
243	19.7 	-0.14
244	19.0 	-0.05
245	19.3 	0.41
246	21.9 	0.49
247	22.9 	-0.05
248	21.6 	-0.38
249	20.2 	-0.35
250	19.1 	-0.16
251	19.0 	-0.01
252	19.0 	0.11
253	19.8 	0.14
254	20.0 	-0.13
255	18.9 	-0.36
256	17.4 	-0.26
257	17.0 	-0.06
258	17.0 	0.00
259	17.0 	-0.20
260	15.6 	-0.52
261	13.3 	-0.62
262	11.1 	-0.43
263	10.1 	-0.08
264	10.5 	0.23
265	11.8 	0.36
266	13.1 	0.38
267	14.5 	0.36
268	15.7 	0.21
269	16.0 	0.04
270	16.0 	-0.12
271	15.2 	-0.13
272	15.0 	-0.02
273	15.0 	0.00
274	15.0 	0.08
275	15.6 	0.13
276	16.0 	0.06
277	16.0 	-0.01
278	15.9 	-0.06
279	15.5 	0.01
280	16.0 	0.11
281	16.4 	0.28
282	18.0 	0.70
283	21.4 	0.72
284	23.2 	0.37
285	24.1 	0.25
286	25.0 	0.30
287	26.3 	0.65
288	29.6 	1.01
289	33.5 	0.74
290	35.0 	0.13
291	34.4 	-0.14
292	34.0 	0.06
293	34.9 	0.14
294	35.0 	0.02
295	35.0 	0.17
296	36.2 	0.43
297	38.1 	0.43
298	39.3 	0.26
299	40.0 	0.02
300	39.5 	-0.28
301	38.0 	-0.34
302	37.0 	-0.20
303	36.6 	0.02
304	37.1 	0.20
305	38.0 	0.24
306	38.9 	0.27
307	40.0 	0.16
308	40.0 	0.01
309	40.0 	0.00
310	40.0 	-0.13
311	39.0 	-0.20
312	38.5 	-0.22
313	37.4 	-0.29
314	36.4 	-0.27
315	35.5 	-0.28
316	34.4 	-0.31
317	33.2 	-0.30
318	32.2 	-0.17
319	32.0 	0.06
320	32.7 	0.14
321	33.0 	0.07
322	33.2 	0.12
323	33.8 	-0.03
324	33.0 	-0.67
325	29.0 	-1.45
326	22.6 	-1.54
327	17.9 	-0.79
328	16.9 	-0.18
329	16.7 	0.28
330	18.9 	0.42
331	19.7 	-0.21
332	17.4 	-0.45
333	16.4 	0.35
334	20.0 	1.07
335	24.2 	1.44
336	30.4 	1.47
337	34.7 	0.64
338	35.0 	0.05
339	35.1 	0.39
340	37.8 	0.81
341	40.9 	0.81
342	43.6 	0.76
343	46.4 	0.84
344	49.7 	0.60
345	50.7 	0.04
346	50.0 	-0.10
347	50.0 	0.05
348	50.4 	-0.03
349	49.8 	-0.22
350	48.7 	-0.32
351	47.5 	-0.29
352	46.6 	-0.24
353	45.7 	-0.28
354	44.6 	-0.24
355	44.0 	-0.04
356	44.3 	0.14
357	45.0 	0.10
358	45.0 	0.00
359	45.0 	0.07
360	45.5 	0.14
361	46.0 	0.22
362	47.1 	0.30
363	48.1 	0.33
364	49.5 	0.42
365	51.2 	0.35
366	52.0 	0.23
367	52.8 	0.14
368	53.0 	0.12
369	53.7 	0.14
370	54.0 	0.05
371	54.0 	0.00
372	54.0 	-0.13
373	53.0 	-0.14
374	53.0 	-0.12
375	52.2 	-0.16
376	51.9 	-0.09
377	51.6 	0.02
378	52.0 	0.06
379	52.0 	0.14
380	53.0 	0.13
381	53.0 	-0.09
382	52.3 	-0.14
383	52.0 	-0.09
384	51.7 	-0.14
385	51.0 	-0.09
386	51.0 	0.00
387	51.0 	0.00
388	51.0 	0.00
389	51.0 	0.00
390	51.0 	0.00
391	51.0 	0.00
392	51.0 	0.09
393	51.6 	0.14
394	52.0 	0.05
395	52.0 	-0.02
396	51.9 	-0.06
397	51.6 	-0.12
398	51.0 	-0.12
399	50.7 	-0.14
400	50.0 	-0.27
401	48.8 	-1.03
402	42.6 	-2.08
403	33.8 	-2.17
404	27.0 	-1.10
405	25.9 	-0.13
406	26.1 	0.44
407	29.0 	0.76
408	31.5 	0.72
409	34.2 	0.68
410	36.4 	0.61
411	38.6 	0.27
412	38.4 	-0.09
413	38.0 	0.08
414	39.0 	0.37
415	40.6 	0.48
416	42.4 	0.48
417	44.1 	0.45
418	45.7 	0.43
419	47.2 	0.43
420	48.8 	0.38
421	49.9 	0.25
422	50.6 	0.15
423	51.0 	0.16
424	51.8 	0.14
425	52.0 	0.03
426	52.0 	0.00
427	52.0 	0.00
428	52.0 	-0.16
429	50.8 	-0.33
430	49.6 	-0.33
431	48.4 	-0.36
432	47.0 	-0.39
433	45.7 	-0.79
434	41.3 	-1.77
435	32.9 	-2.46
436	23.6 	-2.03
437	18.3 	-0.76
438	18.1 	0.37
439	21.0 	0.85
440	24.3 	0.93
441	27.7 	1.00
442	31.5 	1.06
443	35.3 	0.63
444	36.0 	0.10
445	36.0 	0.17
446	37.2 	0.52
447	39.7 	0.69
448	42.2 	0.66
449	44.5 	0.61
450	46.6 	0.47
451	47.9 	0.38
452	49.3 	0.37
453	50.5 	0.27
454	51.2 	0.21
455	52.0 	0.11
456	52.0 	0.11
457	52.8 	0.14
458	53.0 	0.12
459	53.6 	0.14
460	54.0 	-0.06
461	53.2 	-0.21
462	52.5 	-0.24
463	51.5 	-0.21
464	51.0 	-0.09
465	50.8 	-0.03
466	50.8 	0.12
467	51.7 	0.23
468	52.4 	0.18
469	53.0 	-0.03
470	52.2 	-0.14
471	52.0 	-0.03
472	52.0 	-0.19
473	50.6 	-0.34
474	49.5 	-0.22
475	49.0 	-0.11
476	48.7 	-0.14
477	48.0 	-0.24
478	47.0 	-0.28
479	46.0 	-0.13
480	46.0 	0.00
481	46.0 	-0.01
482	46.0 	-0.08
483	45.4 	-0.20
484	44.5 	-0.28
485	43.5 	-0.28
486	42.5 	-0.32
487	41.2 	-0.34
488	40.0 	-0.48
489	37.7 	-0.94
490	33.2 	-1.18
491	29.2 	-0.79
492	27.6 	-0.54
493	25.3 	-0.71
494	22.4 	-0.78
495	19.6 	-0.61
496	18.0 	-0.28
497	17.6 	0.07
498	18.5 	0.47
499	21.0 	0.64
500	23.2 	0.57
501	25.1 	0.63
502	27.7 	0.56
503	29.1 	0.36
504	30.3 	0.26
505	31.0 	0.29
506	32.4 	0.37
507	33.7 	0.31
508	34.6 	0.19
509	35.0 	0.20
510	36.0 	0.19
511	36.4 	0.27
512	37.9 	0.27
513	38.3 	0.10
514	38.6 	0.23
515	40.0 	0.01
516	38.7 	-0.72
517	34.8 	-1.63
518	26.9 	-1.52
519	23.8 	-0.28
520	24.9 	0.62
521	28.3 	1.08
522	32.7 	1.04
523	35.8 	0.34
524	35.1 	0.05
525	36.2 	0.55
526	39.1 	0.73
527	41.4 	0.57
528	43.2 	0.45
529	44.7 	0.24
530	45.0 	0.05
531	45.0 	0.00
532	45.0 	0.00
533	45.0 	0.00
534	45.0 	0.00
535	45.0 	0.00
536	45.0 	-0.03
537	44.8 	-0.06
538	44.6 	0.08
539	45.4 	0.18
540	45.9 	-0.08
541	44.8 	-0.31
542	43.7 	-0.38
543	42.1 	-0.35
544	41.1 	-0.30
545	39.9 	-0.40
546	38.3 	-0.64
547	35.3 	-1.01
548	31.0 	-1.27
549	26.2 	-1.42
550	20.8 	-1.44
551	15.8 	-1.28
552	11.5 	-1.26
553	6.7 	-1.32
554	2.0 	-0.92
555	0.1 	-0.28
556	0.0 	-0.01
557	0.0 	0.13
558	1.0 	0.92
559	6.6 	1.46
560	11.5 	1.26
561	15.7 	0.88
562	17.8 	0.23
563	17.4 	0.05
564	18.2 	0.43
565	20.4 	0.53
566	22.0 	0.36
567	23.0 	0.14
568	23.0 	0.05
569	23.3 	0.20
570	24.5 	0.34
571	25.8 	0.12
572	25.3 	-0.43
573	22.7 	-0.78
574	19.7 	-0.43
575	19.6 	0.59
576	24.0 	1.23
577	28.4 	1.19
578	32.5 	1.12
579	36.4 	0.89
580	38.9 	0.25
581	38.3 	-0.08
582	38.4 	0.29
583	40.3 	0.61
584	42.8 	0.63
585	44.8 	0.61
586	47.1 	0.69
587	49.8 	0.79
588	52.8 	0.83
589	55.8 	0.59
590	57.1 	0.17
591	57.0 	0.02
592	57.3 	0.16
593	58.1 	0.21
594	58.8 	0.24
595	59.8 	0.23
596	60.5 	0.22
597	61.4 	0.21
598	62.0 	0.17
599	62.7 	0.14
600	63.0 	0.07
601	63.2 	0.14
602	64.0 	0.22
603	64.7 	0.14
604	65.0 	0.04
605	65.0 	0.00
606	65.0 	0.15
607	66.1 	0.28
608	67.0 	0.26
609	68.0 	0.14
610	68.0 	0.01
611	68.0 	0.00
612	68.0 	0.00
613	68.0 	0.00
614	68.0 	0.00
615	68.0 	0.00
616	68.0 	0.04
617	68.3 	0.14
618	69.0 	0.12
619	69.2 	0.14
620	70.0 	0.13
621	70.1 	0.14
622	71.0 	0.12
623	71.0 	0.00
624	71.0 	0.00
625	71.0 	-0.10
626	70.3 	-0.26
627	69.1 	-0.18
628	69.0 	0.02
629	69.3 	0.14
630	70.0 	0.21
631	70.8 	0.19
632	71.3 	0.19
633	72.2 	0.24
634	73.1 	0.25
635	74.0 	0.14
636	74.1 	0.14
637	75.0 	0.13
638	75.0 	0.00
639	75.0 	0.00
640	75.0 	0.00
641	75.0 	0.00
642	75.0 	0.00
643	75.0 	0.14
644	76.0 	0.13
645	76.0 	0.00
646	76.0 	0.00
647	76.0 	0.00
648	76.0 	0.00
649	76.0 	0.00
650	76.0 	0.00
651	76.0 	-0.10
652	75.3 	-0.14
653	75.0 	-0.04
654	75.0 	0.00
655	75.0 	0.00
656	75.0 	0.00
657	75.0 	0.00
658	75.0 	0.00
659	75.0 	0.00
660	75.0 	0.00
661	75.0 	0.00
662	75.0 	0.01
663	75.1 	0.14
664	76.0 	0.13
665	76.0 	0.00
666	76.0 	0.00
667	76.0 	0.00
668	76.0 	0.00
669	76.0 	0.00
670	76.0 	0.00
671	76.0 	-0.05
672	75.6 	-0.14
673	75.0 	-0.08
674	75.0 	-0.13
675	74.0 	-0.14
676	74.0 	-0.01
677	74.0 	-0.12
678	73.2 	-0.16
679	72.9 	-0.23
680	71.5 	-0.31
681	70.6 	-0.38
682	68.8 	-0.40
683	67.8 	-0.25
684	67.0 	-0.02
685	67.6 	0.14
686	68.0 	0.06
687	68.0 	0.10
688	68.7 	0.15
689	69.1 	0.18
690	70.0 	0.13
691	70.0 	0.09
692	70.7 	0.14
693	71.0 	0.05
694	71.0 	0.00
695	71.0 	0.00
696	71.0 	0.00
697	71.0 	0.00
698	71.0 	0.00
699	71.0 	0.00
700	71.0 	0.13
701	71.9 	0.14
702	72.0 	0.10
703	72.6 	0.14
704	73.0 	0.05
705	73.0 	0.00
706	73.0 	-0.14
707	72.0 	-0.17
708	71.8 	-0.14
709	71.0 	-0.17
710	70.6 	-0.14
711	70.0 	0.01
712	70.6 	0.14
713	71.0 	0.05
714	71.0 	0.13
715	71.9 	0.14
716	72.0 	0.01
717	72.0 	0.00
718	72.0 	0.00
719	72.0 	0.00
720	72.0 	0.00
721	72.0 	0.00
722	72.0 	0.01
723	72.0 	0.24
724	73.7 	0.41
725	75.0 	0.31
726	75.9 	0.14
727	76.0 	0.01
728	76.0 	0.10
729	76.7 	0.14
730	77.0 	0.04
731	77.0 	0.12
732	77.9 	0.14
733	78.0 	-0.10
734	77.2 	-0.32
735	75.7 	-0.40
736	74.3 	-0.44
737	72.5 	-0.32
738	72.0 	-0.04
739	72.2 	0.14
740	73.0 	0.11
741	73.0 	-0.05
742	72.6 	-0.14
743	72.0 	-0.08
744	72.0 	0.00
745	72.0 	-0.08
746	71.4 	-0.03
747	71.8 	0.08
748	72.0 	0.03
749	72.0 	0.00
750	72.0 	0.14
751	73.0 	0.14
752	73.0 	0.00
753	73.0 	0.00
754	73.0 	0.00
755	73.0 	0.00
756	73.0 	0.00
757	73.0 	0.00
758	73.0 	0.00
759	73.0 	0.00
760	73.0 	0.00
761	73.0 	0.00
762	73.0 	-0.08
763	72.4 	-0.14
764	72.0 	-0.13
765	71.5 	-0.14
766	71.0 	-0.20
767	70.0 	-0.22
768	69.4 	-0.23
769	68.4 	-0.35
770	66.9 	-0.39
771	65.6 	-0.36
772	64.3 	-0.32
773	63.3 	-0.28
774	62.2 	-0.30
775	61.1 	-0.30
776	60.0 	-0.33
777	58.8 	-0.32
778	57.8 	-0.25
779	56.9 	-0.30
780	55.6 	-0.34
781	54.5 	-0.52
782	51.8 	-0.92
783	47.9 	-1.30
784	42.4 	-1.76
785	35.2 	-1.82
786	29.4 	-1.65
787	23.3 	-1.30
788	20.0 	-0.56
789	19.3 	-0.14
790	19.0 	-0.04
791	19.0 	0.08
792	19.6 	0.35
793	21.5 	0.42
794	22.6 	0.34
795	24.0 	0.50
796	26.2 	0.78
797	29.6 	1.05
798	33.8 	0.99
799	36.7 	0.37
800	36.5 	-0.07
801	36.2 	0.30
802	38.7 	0.68
803	41.2 	0.74
804	44.0 	0.62
805	45.6 	0.45
806	47.2 	0.41
807	48.6 	0.37
808	49.8 	0.32
809	50.8 	0.22
810	51.4 	0.18
811	52.2 	0.28
812	53.4 	0.15
813	53.2 	-0.06
814	53.0 	0.02
815	53.4 	0.17
816	54.2 	0.23
817	55.0 	0.12
818	55.1 	0.14
819	56.0 	0.13
820	56.0 	0.06
821	56.4 	0.14
822	57.0 	0.21
823	58.0 	0.14
824	58.0 	0.11
825	58.7 	0.14
826	59.0 	0.09
827	59.4 	0.14
828	60.0 	0.09
829	60.0 	0.03
830	60.2 	0.14
831	61.0 	0.11
832	61.0 	0.13
833	62.0 	0.14
834	62.0 	-0.01
835	61.9 	-0.14
836	61.0 	-0.12
837	61.0 	0.00
838	61.0 	0.09
839	61.6 	0.14
840	62.0 	0.05
841	62.0 	0.00
842	62.0 	0.00
843	62.0 	0.00
844	62.0 	0.00
845	62.0 	0.00
846	62.0 	0.00
847	62.0 	0.00
848	62.0 	0.00
849	62.0 	0.00
850	62.0 	0.00
851	62.0 	0.00
852	62.0 	0.00
853	62.0 	-0.11
854	61.2 	-0.14
855	61.0 	-0.03
856	61.0 	-0.02
857	60.9 	-0.14
858	60.0 	-0.18
859	59.6 	-0.14
860	59.0 	-0.09
861	59.0 	-0.13
862	58.0 	-0.22
863	57.4 	-0.18
864	56.8 	-0.19
865	56.0 	-0.10
866	56.0 	0.00
867	56.0 	0.04
868	56.3 	0.15
869	57.1 	0.22
870	57.9 	0.21
871	58.6 	0.15
872	59.0 	0.06
873	59.0 	0.00
874	59.0 	0.00
875	59.0 	0.00
876	59.0 	-0.09
877	58.4 	-0.25
878	57.2 	-0.34
879	56.0 	-0.34
880	54.8 	-0.34
881	53.5 	-0.34
882	52.3 	-0.28
883	51.5 	-0.23
884	50.7 	-0.21
885	50.0 	-0.09
886	50.0 	0.00
887	50.0 	0.00
888	50.0 	0.00
889	50.0 	-0.13
890	49.0 	-0.30
891	47.8 	-0.49
892	45.5 	-0.47
893	44.4 	-0.21
894	44.0 	-0.06
895	44.0 	0.00
896	44.0 	0.12
897	44.9 	0.25
898	45.8 	0.19
899	46.3 	0.03
900	46.0 	-0.05
901	45.9 	-0.01
902	46.0 	0.13
903	46.8 	0.26
904	47.8 	0.23
905	48.5 	0.30
906	50.0 	0.41
907	51.4 	0.28
908	52.0 	0.08
909	52.0 	-0.07
910	51.5 	-0.21
911	50.5 	-0.28
912	49.5 	-0.32
913	48.2 	-0.32
914	47.2 	-0.29
915	46.1 	-0.23
916	45.5 	-0.14
917	45.1 	-0.04
918	45.2 	-0.09
919	44.5 	-0.40
920	42.3 	-0.64
921	39.8 	-0.73
922	37.1 	-0.56
923	35.8 	-0.39
924	34.3 	-0.50
925	32.2 	-0.55
926	30.4 	-0.30
927	30.0 	-0.12
928	29.5 	-0.14
929	29.0 	-0.18
930	28.2 	-0.24
931	27.3 	-0.09
932	27.5 	0.29
933	29.3 	0.36
934	30.1 	0.29
935	31.4 	0.48
936	33.6 	0.61
937	35.8 	0.26
938	35.5 	-0.41
939	32.9 	-0.78
940	29.9 	-0.54
941	29.0 	-0.12
942	29.0 	-0.11
943	28.2 	-0.14
944	28.0 	-0.08
945	27.7 	-0.14
946	27.0 	-0.09
947	27.0 	-0.14
948	26.0 	-0.14
949	26.0 	0.00
950	26.0 	0.12
951	26.8 	0.14
952	27.0 	-0.05
953	26.5 	0.02
954	27.2 	0.22
955	28.1 	0.31
956	29.4 	0.32
957	30.4 	0.22
958	31.0 	0.21
959	32.0 	0.13
960	31.9 	-0.12
961	31.1 	0.09
962	32.5 	0.35
963	33.6 	0.38
964	35.2 	0.37
965	36.3 	0.24
966	37.0 	0.22
967	37.9 	0.14
968	38.0 	-0.09
969	37.3 	-0.31
970	35.8 	-0.38
971	34.5 	-0.49
972	32.2 	-0.74
973	29.1 	-1.04
974	24.8 	-1.36
975	19.4 	-1.70
976	12.5 	-1.62
977	7.7 	-1.37
978	2.7 	-0.88
979	1.4 	-0.34
980	0.2 	-0.19
981	0.0 	-0.03
982	0.0 	0.00
